1	1	1
2	1	2
3	1	3
4	1	4
5	1	5
6	1	6
7	1	7
8	1	8
9	1	9
10	1	10
11	1	11
12	1	12
13	1	13
14	1	14
15	1	15
16	1	16
17	1	17
18	1	18
19	1	19
20	1	20
21	2	21
22	2	22
23	2	23
24	2	24
25	2	25
26	2	26
27	2	27
28	2	28
29	2	29
30	2	30
31	2	31
32	2	32
33	2	33
34	2	34
35	2	35
36	2	36
37	2	37
38	2	38
39	2	39
40	2	40
41	3	41
42	3	42
43	3	43
44	3	44
45	3	45
46	3	46
47	3	7
48	3	47
49	3	48
50	3	49
51	3	50
52	3	51
53	3	52
54	3	12
55	3	53
56	3	54
57	3	55
58	3	56
59	3	57
60	3	58
61	4	2
62	4	59
63	4	60
64	4	61
65	4	62
66	4	63
67	4	64
68	4	65
69	4	66
70	4	67
71	4	68
72	4	69
73	4	70
74	4	71
75	4	72
76	4	73
77	4	74
78	4	75
79	4	76
80	4	77
81	5	43
82	5	44
83	5	78
84	5	79
85	5	80
86	5	81
87	5	82
88	5	83
89	5	84
90	5	85
91	5	86
92	5	87
93	5	88
94	5	89
95	5	90
96	5	91
97	5	92
98	5	93
99	5	94
100	5	95
101	6	96
102	6	97
103	6	98
104	6	99
105	6	100
106	6	101
107	6	102
108	6	103
109	6	104
110	6	105
111	6	106
112	6	107
113	6	108
114	6	109
115	6	110
116	6	111
117	7	112
118	7	113
119	7	114
120	7	115
121	7	97
122	7	98
123	7	99
124	7	116
125	7	117
126	7	118
127	7	119
128	7	120
129	7	121
130	7	122
131	7	123
132	7	124
133	7	125
134	7	126
135	7	127
136	7	128
137	8	129
138	8	112
139	8	130
140	8	131
141	8	22
142	8	132
143	8	23
144	8	96
145	8	133
146	8	134
147	8	24
148	8	29
149	8	62
150	8	135
151	8	136
152	8	137
153	8	138
154	8	139
155	8	140
156	8	141
157	9	112
158	9	113
159	9	132
160	9	142
161	9	143
162	9	144
163	9	29
164	9	145
165	9	146
166	9	147
167	9	148
168	9	149
169	9	122
170	9	150
171	9	151
172	9	152
173	9	153
174	9	154
175	9	155
176	9	156
197	11	2
198	11	174
199	11	115
200	11	118
201	11	157
202	11	158
203	11	159
204	11	160
205	11	161
206	11	162
207	11	163
208	11	164
209	11	165
210	11	166
211	11	167
212	11	76
213	11	77
214	11	168
215	11	169
216	11	175
177	10	157
178	10	158
179	10	159
180	10	160
181	10	161
182	10	162
183	10	163
184	10	164
185	10	165
186	10	166
187	10	167
188	10	77
189	10	168
190	10	169
191	10	170
192	10	122
193	10	123
194	10	171
195	10	172
196	10	173
217	12	176
218	12	177
219	12	178
220	12	48
221	12	179
222	12	180
223	12	181
224	12	182
225	12	183
226	12	184
227	12	185
228	12	186
229	12	187
230	12	188
231	12	189
232	12	190
233	12	191
234	12	192
235	12	193
236	12	194
237	13	195
238	13	196
239	13	197
240	13	198
241	13	199
242	13	4
243	13	200
244	13	201
245	13	202
246	13	203
247	13	177
248	13	178
249	13	204
250	13	205
251	13	206
252	13	207
253	13	208
254	13	209
255	13	210
256	13	211
257	14	212
258	14	213
259	14	214
260	14	215
261	14	216
262	14	217
263	14	177
264	14	47
265	14	11
266	14	218
267	14	21
268	14	13
269	14	56
270	14	57
271	14	80
272	14	219
273	14	220
274	14	221
275	14	222
276	14	223
277	15	224
278	15	200
279	15	177
280	15	178
281	15	225
282	15	226
283	15	227
284	15	228
285	15	229
286	15	230
287	15	231
288	15	232
289	15	233
290	15	234
291	15	235
292	15	236
293	15	237
294	15	238
295	15	239
296	15	240
297	16	224
298	16	217
299	16	177
300	16	178
301	16	181
302	16	182
303	16	241
304	16	12
305	16	242
306	16	243
307	16	244
308	16	245
309	16	246
310	16	247
311	16	248
312	16	249
313	16	250
314	16	251
315	16	252
316	16	253
317	17	4
318	17	42
319	17	254
320	17	21
321	17	255
322	17	256
323	17	257
324	17	258
325	17	259
326	17	260
327	17	261
328	17	262
329	17	219
330	17	220
331	17	221
332	17	222
333	17	223
334	17	263
335	17	264
336	17	265
337	18	217
338	18	177
339	18	178
340	18	47
341	18	48
342	18	181
343	18	182
344	18	241
345	18	266
346	18	222
347	18	223
348	18	263
349	18	265
350	18	267
351	18	268
352	18	269
353	18	270
354	18	271
355	18	272
356	18	273
357	19	179
358	19	219
359	19	220
360	19	221
361	19	222
362	19	223
363	19	263
364	19	264
365	19	265
366	19	274
367	19	275
368	19	268
369	19	269
370	19	270
371	19	271
372	19	272
373	19	273
374	19	276
375	19	277
376	19	278
377	20	42
378	20	279
379	20	280
380	20	281
381	20	282
382	20	283
383	20	284
384	20	234
385	20	237
386	20	238
387	20	239
388	20	240
389	20	285
390	20	286
391	20	287
392	20	288
393	20	88
394	20	190
395	20	289
396	20	290
397	21	239
398	21	190
399	21	291
400	21	292
401	21	293
402	21	294
403	21	295
404	21	296
405	21	297
406	21	298
407	21	299
408	21	300
409	21	301
410	21	302
411	21	303
412	21	304
413	21	305
414	21	306
415	21	307
416	21	308
417	22	177
418	22	178
419	22	309
420	22	310
421	22	311
422	22	312
423	22	313
424	22	314
425	22	315
426	22	316
427	22	317
428	22	318
429	22	319
430	22	320
431	22	321
432	22	322
433	22	323
434	22	324
435	22	325
436	22	326
437	23	41
438	23	327
439	23	179
440	23	207
441	23	328
442	23	219
443	23	220
444	23	221
445	23	222
446	23	223
447	23	263
448	23	264
449	23	265
450	23	274
451	23	275
452	23	267
453	23	268
454	23	269
455	23	270
456	23	271
457	24	329
458	24	202
459	24	203
460	24	241
461	24	227
462	24	228
463	24	229
464	24	230
465	24	231
466	24	232
467	24	330
468	24	331
469	24	332
470	24	333
471	24	334
472	24	335
473	24	336
474	24	337
475	24	338
476	24	339
477	25	41
478	25	177
479	25	178
480	25	47
481	25	48
482	25	182
483	25	241
484	25	227
485	25	228
486	25	229
487	25	230
488	25	231
489	25	232
490	25	284
491	25	340
492	25	193
493	25	341
494	25	342
495	25	343
496	25	330
497	26	217
498	26	21
499	26	229
500	26	231
501	26	232
502	26	275
503	26	267
504	26	268
505	26	270
506	26	271
507	26	272
508	26	276
509	26	277
510	26	344
511	26	345
512	26	346
513	26	242
514	26	243
515	26	247
516	26	347
517	27	348
518	27	349
519	27	350
520	27	351
521	27	352
522	27	353
523	27	354
524	27	355
525	27	356
526	27	357
527	27	358
528	27	359
529	28	360
530	28	361
531	28	362
532	28	311
533	28	363
534	28	364
535	28	365
536	28	366
537	28	367
538	28	368
539	28	369
540	28	370
541	28	371
542	28	372
543	28	373
544	28	374
545	28	375
546	28	376
547	28	377
548	28	378
549	29	6
550	29	379
551	29	380
552	29	381
553	29	382
554	29	383
555	29	384
556	29	385
557	29	386
558	29	387
559	29	388
560	29	389
561	29	390
562	29	391
563	29	392
564	29	72
565	29	393
566	29	74
567	29	394
568	29	395
569	30	195
570	30	396
571	30	397
572	30	199
573	30	42
574	30	5
575	30	47
576	30	48
577	30	398
578	30	399
579	30	400
580	30	218
581	30	21
582	30	12
583	30	401
584	30	402
585	30	403
586	30	404
587	30	405
588	30	406
589	31	407
590	31	408
591	31	409
592	31	410
593	31	411
594	31	412
595	32	413
596	32	411
597	32	414
598	32	412
599	33	415
600	33	407
601	34	411
602	34	414
603	34	412
604	35	416
605	35	417
606	35	418
607	35	419
608	35	420
609	35	421
610	35	422
611	35	408
612	35	423
613	35	424
614	35	425
615	35	426
616	35	427
617	36	404
618	36	428
619	36	330
620	36	429
621	36	430
622	36	431
623	36	432
624	36	433
625	36	434
626	36	435
627	36	436
628	36	437
629	36	438
630	36	439
631	36	440
632	36	441
633	36	442
634	36	443
635	36	444
636	36	417
637	37	8
638	37	445
639	37	446
640	37	447
641	37	448
642	37	449
643	37	450
644	37	451
645	37	452
646	37	453
647	37	454
648	37	455
649	37	456
650	37	457
651	37	458
652	37	343
653	37	289
654	37	459
655	37	460
656	37	461
657	38	462
658	38	463
659	38	464
660	38	465
661	38	466
662	38	467
663	38	468
664	38	469
665	38	470
666	38	471
667	38	472
668	38	473
669	38	474
670	38	475
671	38	476
672	39	477
673	39	478
674	39	479
675	40	398
676	40	399
677	40	480
678	40	481
679	40	482
680	40	483
681	40	484
682	41	485
683	41	486
684	41	487
685	41	479
686	41	488
687	41	489
688	41	490
689	41	491
690	41	492
691	41	493
692	41	494
693	41	495
694	41	496
695	42	497
696	42	498
697	42	499
698	42	500
699	42	501
700	42	502
701	42	503
702	42	504
703	42	505
704	42	506
705	42	507
706	42	508
707	42	509
708	42	510
709	42	511
710	42	512
711	42	513
712	42	514
713	42	515
714	42	516
715	43	445
716	43	517
717	43	518
718	43	446
719	43	519
720	43	520
721	43	521
722	43	522
723	43	523
724	43	524
725	43	525
726	43	526
727	43	527
728	43	528
729	43	529
730	43	343
731	43	530
732	43	531
733	43	532
734	43	533
735	44	312
736	44	534
737	44	313
738	44	535
739	44	536
740	44	537
741	44	538
742	45	539
743	45	540
744	45	541
745	45	542
746	45	543
747	45	544
748	45	545
749	45	546
750	45	547
751	45	548
752	45	549
753	45	550
754	45	438
755	45	551
756	45	552
757	45	553
758	45	554
759	45	555
760	45	556
761	45	557
762	46	558
763	46	559
764	46	560
765	46	561
766	46	562
767	46	563
768	46	564
769	46	565
770	46	566
771	46	567
772	46	568
773	46	569
774	46	570
775	46	571
776	46	572
777	46	573
778	46	574
779	46	575
780	46	576
781	46	577
782	47	578
783	47	579
784	47	580
785	47	581
786	47	157
787	47	582
788	47	583
789	47	584
790	47	585
791	47	586
792	47	587
793	47	588
794	47	589
795	47	590
796	47	591
797	47	592
798	47	593
799	47	594
800	47	595
801	47	596
802	48	597
803	48	598
804	48	599
805	48	600
806	48	601
807	48	602
808	48	603
809	48	604
810	48	605
811	48	606
812	48	607
813	48	608
814	48	609
815	48	194
816	48	610
817	48	611
818	48	501
819	48	612
820	48	613
821	48	614
822	49	615
823	49	616
824	49	617
825	49	618
826	49	619
827	49	620
828	49	621
829	49	622
830	49	623
831	49	624
832	49	625
833	49	626
834	49	627
835	49	628
836	49	629
837	49	630
838	49	631
839	49	632
840	49	633
841	49	634
842	50	241
843	50	445
844	50	517
845	50	518
846	50	446
847	50	190
848	50	635
849	50	636
850	50	637
851	50	638
852	50	639
853	50	640
854	50	641
855	50	642
856	50	643
857	50	644
858	50	645
859	50	646
860	50	647
861	50	648
862	51	649
863	51	650
864	51	651
865	51	652
866	51	653
867	51	654
868	51	655
869	51	656
870	52	657
871	52	97
872	52	29
873	52	658
874	52	659
875	52	660
876	52	661
877	52	662
878	52	663
879	52	664
880	52	665
881	52	666
882	52	667
883	52	668
884	52	669
885	52	670
886	52	671
887	52	672
888	52	673
889	52	674
890	53	675
891	53	676
892	53	335
893	53	677
894	53	678
895	53	679
896	53	680
897	53	681
898	53	682
899	53	683
900	53	684
901	53	685
902	53	686
903	53	687
904	53	688
905	53	689
906	53	690
907	53	691
908	53	692
909	53	693
910	54	694
911	54	695
912	54	696
913	54	408
914	54	697
915	54	698
916	54	699
917	54	700
918	54	701
919	54	702
920	54	703
921	54	704
922	54	705
923	54	706
924	54	707
925	54	708
926	54	709
927	54	710
928	54	711
929	54	712
930	55	713
931	55	714
932	55	330
933	55	715
934	55	716
935	55	717
936	55	718
937	55	719
938	55	720
939	55	111
940	55	721
941	55	722
942	56	137
943	56	723
944	56	724
945	56	725
946	56	726
947	56	727
948	56	728
949	56	729
950	56	730
951	56	731
952	56	732
953	56	733
954	56	734
955	56	735
956	56	736
957	56	737
958	56	738
959	56	739
960	56	740
961	56	741
962	57	742
963	57	743
964	57	87
965	57	744
966	57	745
967	57	746
968	57	747
969	57	748
970	57	749
971	57	750
972	57	751
973	57	752
974	57	753
975	57	754
976	57	755
977	57	756
978	57	757
979	57	758
980	57	759
981	57	760
982	58	201
983	58	202
984	58	203
985	58	761
986	58	12
987	58	56
988	58	57
989	58	762
990	58	763
991	58	764
992	58	765
993	58	766
994	58	767
995	58	768
996	58	769
997	58	770
998	58	771
999	58	772
1000	58	773
1001	58	774
1002	59	177
1003	59	178
1004	59	775
1005	59	776
1006	59	777
1007	59	778
1008	59	779
1009	59	780
1010	59	781
1011	59	782
1012	59	783
1013	59	784
1014	59	785
1015	59	786
1016	59	787
1017	59	788
1018	59	789
1019	59	790
1020	59	791
1021	59	792
1022	60	42
1023	60	7
1024	60	793
1025	60	11
1026	60	241
1027	60	12
1028	60	13
1029	60	56
1030	60	57
1031	60	794
1032	60	764
1033	60	795
1034	60	406
1035	60	796
1036	60	773
1037	60	797
1038	60	798
1039	60	799
1040	60	713
1041	60	800
1042	61	801
1043	61	802
1044	61	803
1045	61	578
1046	61	804
1047	61	765
1048	61	774
1049	61	805
1050	61	806
1051	61	84
1052	61	807
1053	61	808
1054	61	809
1055	61	810
1056	61	811
1057	61	812
1058	61	813
1059	61	814
1060	61	815
1061	61	192
1062	62	811
1063	62	815
1064	62	816
1065	62	136
1066	62	817
1067	62	818
1068	62	819
1069	62	820
1070	62	821
1071	62	822
1072	62	435
1073	62	715
1074	62	823
1075	62	824
1076	62	825
1077	62	826
1078	62	827
1079	62	828
1080	62	829
1081	62	830
1082	63	212
1083	63	831
1084	63	832
1085	63	833
1086	63	225
1087	63	226
1088	63	115
1089	63	221
1090	63	223
1091	63	347
1092	63	834
1093	63	835
1094	63	807
1095	63	836
1096	63	808
1097	63	837
1098	63	810
1099	63	838
1100	63	812
1101	63	813
1102	64	839
1103	64	840
1104	64	841
1105	64	842
1106	64	843
1107	64	844
1108	64	845
1109	64	846
1110	64	847
1111	64	848
1112	64	849
1113	64	850
1114	64	851
1115	64	852
1116	64	853
1117	64	854
1118	64	855
1119	64	856
1120	64	857
1121	64	858
1122	65	455
1123	65	859
1124	65	635
1125	65	73
1126	65	194
1127	65	860
1128	65	861
1129	65	862
1130	65	863
1131	65	864
1132	65	865
1133	65	866
1134	65	867
1135	65	868
1136	65	869
1137	65	870
1138	65	871
1139	65	872
1140	65	873
1141	65	874
1142	66	875
1143	66	876
1144	66	877
1145	66	878
1146	66	879
1147	66	337
1148	66	436
1149	66	880
1150	66	881
1151	66	882
1152	66	883
1153	66	884
1154	66	885
1155	66	886
1156	66	887
1157	66	888
1158	66	889
1159	66	890
1160	66	891
1161	66	892
1162	67	130
1163	67	893
1164	67	894
1165	67	895
1166	67	896
1167	67	897
1168	67	898
1169	67	899
1170	67	900
1171	67	901
1172	67	902
1173	67	903
1174	67	904
1175	67	905
1176	67	690
1177	67	906
1178	67	907
1179	67	908
1180	67	909
1181	67	910
1182	68	911
1183	68	912
1184	68	435
1185	68	913
1186	68	914
1187	68	915
1188	68	916
1189	68	917
1190	68	918
1191	68	665
1192	68	919
1193	68	920
1194	68	921
1195	68	922
1196	68	923
1197	68	924
1198	68	925
1199	68	926
1200	68	927
1201	68	928
1202	69	929
1203	69	190
1204	69	859
1205	69	558
1206	69	866
1207	69	870
1208	69	930
1209	69	435
1210	69	931
1211	69	932
1212	69	933
1213	69	934
1214	69	935
1215	69	936
1216	69	937
1217	69	938
1218	69	939
1219	69	666
1220	69	940
1221	69	941
1222	70	942
1223	70	943
1224	70	944
1225	70	945
1226	70	946
1227	70	200
1228	70	11
1229	70	13
1230	70	947
1231	70	948
1232	70	949
1233	70	950
1234	70	951
1235	70	952
1236	70	953
1237	70	954
1238	70	955
1239	70	79
1240	70	80
1241	70	956
1242	71	831
1243	71	957
1244	71	958
1245	71	959
1246	71	202
1247	71	203
1248	71	52
1249	71	960
1250	71	657
1251	71	961
1252	71	962
1253	71	183
1254	71	963
1255	71	964
1256	71	965
1257	71	966
1258	71	967
1259	71	968
1260	71	969
1261	71	970
1262	72	971
1263	72	972
1264	72	973
1265	72	974
1266	72	975
1267	72	976
1268	72	977
1269	72	978
1270	72	979
1271	72	980
1272	72	981
1273	72	982
1274	72	983
1275	72	984
1276	72	876
1277	72	985
1278	72	986
1279	72	987
1280	72	988
1281	72	989
1282	73	51
1283	73	657
1284	73	131
1285	73	132
1286	73	23
1287	73	990
1288	73	134
1289	73	26
1290	73	27
1291	73	29
1292	73	931
1293	73	991
1294	73	661
1295	73	992
1296	73	993
1297	73	994
1298	73	995
1299	73	662
1300	73	663
1301	73	665
1302	74	996
1303	74	997
1304	74	998
1305	74	975
1306	74	978
1307	74	979
1308	74	980
1309	74	982
1310	74	999
1311	74	1000
1312	74	1001
1313	74	291
1314	74	1002
1315	74	1003
1316	74	1004
1317	74	1005
1318	74	1006
1319	74	1007
1320	74	1008
1321	74	1009
1322	75	1010
1323	75	1011
1324	75	1012
1325	75	1013
1326	75	1014
1327	75	1015
1328	75	929
1329	75	1016
1330	75	67
1331	75	1017
1332	75	1018
1333	75	816
1334	75	859
1335	75	194
1336	75	1019
1337	75	1020
1338	75	873
1339	75	874
1340	75	1021
1341	75	1022
1342	76	218
1343	76	1023
1344	76	238
1345	76	445
1346	76	1024
1347	76	517
1348	76	518
1349	76	446
1350	76	1025
1351	76	86
1352	76	1026
1353	76	1027
1354	76	88
1355	76	1028
1356	76	1029
1357	76	1030
1358	76	1031
1359	76	1032
1360	76	1033
1361	76	1034
1362	77	1035
1363	77	1036
1364	77	1037
1365	77	1038
1366	77	1039
1367	77	1040
1368	77	1041
1369	77	1042
1370	77	1043
1371	77	555
1372	77	1044
1373	77	1045
1374	77	1046
1375	77	1047
1376	77	1048
1377	77	1049
1378	77	1050
1379	77	1051
1380	77	1052
1381	77	1053
1382	78	76
1383	78	1054
1384	78	1055
1385	78	1056
1386	78	1057
1387	78	1058
1388	78	1059
1389	78	77
1390	78	1060
1391	78	1061
1392	78	175
1393	78	1062
1394	78	1063
1395	78	1064
1396	78	1065
1397	78	1066
1398	78	1067
1399	78	1068
1400	78	1069
1401	78	1070
1402	79	57
1403	79	764
1404	79	765
1405	79	773
1406	79	774
1407	79	805
1408	79	192
1409	79	1071
1410	79	1072
1411	79	1073
1412	79	1074
1413	79	779
1414	79	1075
1415	79	1076
1416	79	1077
1417	79	780
1418	79	1078
1419	79	1079
1420	79	1080
1421	79	1081
1422	80	1082
1423	80	1083
1424	80	1084
1425	80	1085
1426	80	1086
1427	80	1087
1428	80	405
1429	80	1088
1430	80	1089
1431	80	1019
1432	80	1020
1433	80	1090
1434	80	1091
1435	80	1092
1436	80	1093
1437	80	1094
1438	80	1095
1439	80	1096
1440	80	1097
1441	80	1098
1442	81	1099
1443	81	1100
1444	81	1101
1445	81	1102
1446	81	1103
1447	81	1104
1448	81	1105
1449	81	1106
1450	81	1107
1451	81	1108
1452	81	1109
1453	81	1110
1454	81	1111
1455	81	1112
1456	81	1113
1457	81	1114
1458	81	1115
1459	81	1116
1460	81	1117
1461	81	1118
1462	82	1119
1463	82	1120
1464	82	131
1465	82	96
1466	82	990
1467	82	26
1468	82	27
1469	82	28
1470	82	1121
1471	82	1122
1472	82	966
1473	82	32
1474	82	1123
1475	82	1124
1476	82	1125
1477	82	1126
1478	82	1127
1479	82	1128
1480	82	1129
1481	82	1130
1482	83	195
1483	83	1131
1484	83	1132
1485	83	327
1486	83	386
1487	83	387
1488	83	388
1489	83	1133
1490	83	1134
1491	83	1135
1492	83	392
1493	83	1136
1494	83	1137
1495	83	1138
1496	83	1139
1497	83	1140
1498	83	976
1499	83	977
1500	83	978
1501	83	979
1502	84	1104
1503	84	1105
1504	84	956
1505	84	1141
1506	84	405
1507	84	1142
1508	84	1143
1509	84	1144
1510	84	1145
1511	84	1146
1512	84	1147
1513	84	1148
1514	84	1149
1515	84	1150
1516	84	1151
1517	84	1152
1518	84	1153
1519	84	1154
1520	84	1155
1521	84	1156
1522	85	956
1523	85	1141
1524	85	405
1525	85	1143
1526	85	1144
1527	85	1145
1528	85	1146
1529	85	1149
1530	85	1152
1531	85	1150
1532	85	1151
1533	85	1153
1534	85	1154
1535	85	1155
1536	85	1156
1537	85	1157
1538	85	1158
1539	85	1159
1540	85	1160
1541	85	1161
1542	86	1017
1543	86	1018
1544	86	30
1545	86	1162
1546	86	1163
1547	86	1164
1548	86	1165
1549	86	1166
1550	86	1167
1551	86	1168
1552	86	1169
1553	86	1170
1554	86	1171
1555	86	1172
1556	86	1173
1557	86	665
1558	86	921
1559	86	922
1560	86	1174
1561	86	1175
1562	87	1104
1563	87	1105
1564	87	1176
1565	87	1177
1566	87	1178
1567	87	1179
1568	87	1180
1569	87	1181
1570	87	1182
1571	87	1183
1572	87	1184
1573	87	1185
1574	87	1186
1575	87	1187
1576	87	1188
1577	87	1189
1578	87	1190
1579	87	1191
1580	87	1192
1581	87	1193
1582	88	52
1583	88	1194
1584	88	1195
1585	88	1196
1586	88	1197
1587	88	1198
1588	88	1199
1589	88	996
1590	88	836
1591	88	1200
1592	88	997
1593	88	808
1594	88	998
1595	88	1201
1596	88	965
1597	88	812
1598	88	85
1599	88	1202
1600	88	1203
1601	88	1204
1602	89	12
1603	89	1104
1604	89	1105
1605	89	1141
1606	89	405
1607	89	1142
1608	89	445
1609	89	517
1610	89	518
1611	89	446
1612	89	1205
1613	89	1206
1614	89	1207
1615	89	340
1616	89	1208
1617	89	1209
1618	89	519
1619	89	1210
1620	89	1211
1621	89	1212
1622	90	330
1623	90	1213
1624	90	1214
1625	90	1215
1626	90	1216
1627	90	1217
1628	90	1218
1629	90	1219
1630	90	1220
1631	90	1124
1632	90	1221
1633	90	1222
1634	90	1125
1635	90	40
1636	90	1223
1637	90	1224
1638	90	1225
1639	90	1226
1640	90	1227
1641	90	1228
1642	91	47
1643	91	844
1644	91	1229
1645	91	1230
1646	91	1231
1647	91	238
1648	91	240
1649	91	624
1650	91	625
1651	91	311
1652	91	1036
1653	91	1232
1654	91	1233
1655	91	1037
1656	91	1234
1657	91	1235
1658	91	335
1659	91	1236
1660	91	1237
1661	91	1238
1662	92	195
1663	92	1239
1664	92	1240
1665	92	1241
1666	92	1242
1667	92	1243
1668	92	1244
1669	92	266
1670	92	1245
1671	92	1246
1672	92	1247
1673	92	1248
1674	92	1249
1675	92	1250
1676	92	1251
1677	92	1252
1678	92	1253
1679	92	1254
1680	92	1255
1681	92	1256
1682	93	202
1683	93	203
1684	93	8
1685	93	11
1686	93	12
1687	93	13
1688	93	1257
1689	93	1258
1690	93	1259
1691	93	1260
1692	93	1261
1693	93	795
1694	93	1262
1695	93	1263
1696	93	1264
1697	93	1265
1698	93	1266
1699	93	1267
1700	93	406
1701	93	1268
1702	94	1269
1703	94	1270
1704	94	1271
1705	94	1272
1706	94	1273
1707	94	1274
1708	94	1275
1709	94	1276
1710	94	1277
1711	94	1278
1712	94	1279
1713	94	1280
1714	94	1281
1715	94	1282
1716	94	1283
1717	94	1284
1718	94	1285
1719	94	1286
1720	94	1287
1721	94	1288
1722	96	1289
1723	96	1290
1724	96	1291
1725	96	1292
1726	96	1293
1727	96	1294
1728	96	1295
1729	96	1296
1730	96	1297
1731	96	1298
1732	97	131
1733	97	22
1734	97	132
1735	97	96
1736	97	990
1737	97	97
1738	97	98
1739	97	99
1740	97	116
1741	97	117
1742	97	118
1743	97	24
1744	97	1299
1745	97	142
1746	97	143
1747	97	144
1748	97	29
1749	97	158
1750	97	1300
1751	97	159
1752	98	224
1753	98	327
1754	98	1301
1755	98	1141
1756	98	405
1757	98	1142
1758	98	1302
1759	98	166
1760	98	1194
1761	98	1196
1762	98	1197
1763	98	1198
1764	98	1199
1765	98	1195
1766	98	996
1767	98	997
1768	98	998
1769	98	1303
1770	98	1121
1771	98	1122
1772	99	382
1773	99	1304
1774	99	1305
1775	99	1306
1776	99	1307
1777	99	1308
1778	99	1309
1779	99	1310
1780	99	1311
1781	99	1312
1782	99	1313
1783	99	1314
1784	99	1315
1785	99	1316
1786	99	1317
1787	99	1318
1788	99	1319
1789	99	1320
1790	99	1321
1791	99	1322
1792	100	971
1793	100	21
1794	100	1323
1795	100	807
1796	100	445
1797	100	836
1798	100	517
1799	100	808
1800	100	518
1801	100	1303
1802	100	446
1803	100	809
1804	100	1324
1805	100	1325
1806	100	1205
1807	100	838
1808	100	1206
1809	100	812
1810	100	1207
1811	100	813
1812	101	1268
1813	101	445
1814	101	517
1815	101	518
1816	101	446
1817	101	88
1818	101	1326
1819	101	1327
1820	101	1328
1821	101	1329
1822	101	1330
1823	101	968
1824	101	1331
1825	101	1332
1826	101	1333
1827	101	1334
1828	101	1335
1829	101	1336
1830	101	343
1831	101	289
1832	102	1337
1833	102	1338
1834	102	1339
1835	102	1340
1836	102	1341
1837	102	1342
1838	102	1343
1839	102	1344
1840	103	1
1841	103	1257
1842	103	1345
1843	103	1346
1844	103	1347
1845	103	1348
1846	103	657
1847	103	1304
1848	103	1349
1849	103	1350
1850	103	1351
1851	103	1352
1852	103	1353
1853	103	55
1854	103	1354
1855	103	1355
1856	103	1356
1857	103	1357
1858	103	1358
1859	103	1359
1860	104	1360
1861	104	1361
1862	104	1362
1863	104	289
1864	104	330
1865	104	1363
1866	104	1364
1867	104	1365
1868	104	1366
1869	104	1367
1870	104	1368
1871	104	1369
1872	104	1370
1873	104	1371
1874	104	1372
1875	104	1373
1876	104	1374
1877	104	1375
1878	104	1376
1879	104	1377
1880	105	202
1881	105	203
1882	105	1378
1883	105	1379
1884	105	1380
1885	105	1381
1886	105	1382
1887	105	1383
1888	105	1384
1889	105	1385
1890	105	1386
1891	105	1387
1892	105	1388
1893	105	1389
1894	105	1390
1895	105	1391
1896	105	1392
1897	105	1393
1898	105	1394
1899	105	1395
1900	106	1396
1901	106	942
1902	106	944
1903	106	946
1904	106	43
1905	106	45
1906	106	11
1907	106	13
1908	106	1397
1909	106	764
1910	106	768
1911	106	950
1912	106	951
1913	106	952
1914	106	953
1915	106	954
1916	106	955
1917	106	79
1918	106	80
1919	106	956
1920	107	1398
1921	107	1399
1922	107	357
1923	107	1400
1924	107	1401
1925	107	1402
1926	108	696
1927	108	1398
1928	108	1403
1929	108	357
1930	108	1400
1931	108	1404
1932	108	1401
1933	108	1402
1934	108	1405
1935	108	1406
1936	108	1407
1937	109	199
1938	109	4
1939	109	201
1940	109	1408
1941	109	1409
1942	109	7
1943	109	6
1944	109	1410
1945	109	47
1946	109	48
1947	109	1411
1948	109	1412
1949	109	1413
1950	109	1414
1951	109	1415
1952	109	1416
1953	109	1417
1954	109	1418
1955	109	1419
1956	109	1420
1957	110	1421
1958	110	50
1959	110	51
1960	110	1422
1961	110	1423
1962	110	1424
1963	110	12
1964	110	1194
1965	110	1024
1966	110	445
1967	110	807
1968	110	1196
1969	110	1197
1970	110	1198
1971	110	1199
1972	110	1195
1973	110	517
1974	110	836
1975	110	808
1976	110	518
1977	111	1257
1978	111	1345
1979	111	1346
1980	111	1347
1981	111	1348
1982	111	657
1983	111	1304
1984	111	1350
1985	111	1352
1986	111	1353
1987	111	1425
1988	111	1426
1989	111	1427
1990	111	1428
1991	111	1429
1992	111	1430
1993	111	1431
1994	111	1432
1995	111	1433
1996	111	1434
1997	112	1435
1998	112	1265
1999	112	1266
2000	112	1436
2001	112	1437
2002	112	1135
2003	112	1438
2004	112	773
2005	112	1439
2006	112	1440
2007	112	1441
2008	112	1442
2009	113	1443
2010	113	229
2011	113	230
2012	113	231
2013	113	1444
2014	113	1445
2015	113	693
2016	113	1446
2017	113	1447
2018	113	1448
2019	113	1449
2020	113	1450
2021	113	1053
2022	113	1451
2023	113	1452
2024	113	1453
2025	113	1454
2026	113	1455
2027	113	1456
2028	113	1457
2029	114	1396
2030	114	942
2031	114	943
2032	114	944
2033	114	946
2034	114	43
2035	114	45
2036	114	47
2037	114	48
2038	114	11
2039	114	208
2040	114	13
2041	114	950
2042	114	951
2043	114	952
2044	114	953
2045	114	954
2046	114	955
2047	114	79
2048	114	80
2049	115	1396
2050	115	942
2051	115	944
2052	115	946
2053	115	43
2054	115	45
2055	115	8
2056	115	1413
2057	115	1414
2058	115	1415
2059	115	1416
2060	115	1417
2061	115	1418
2062	115	1419
2063	115	1420
2064	115	1458
2065	115	1459
2066	115	1460
2067	115	1461
2068	115	1462
2069	116	41
2070	116	971
2071	116	43
2072	116	44
2073	116	1463
2074	116	1464
2075	116	1465
2076	116	1466
2077	116	1467
2078	116	1468
2079	116	78
2080	116	1469
2081	116	1470
2082	116	1471
2083	116	1472
2084	116	1473
2085	116	1474
2086	116	445
2087	116	517
2088	116	518
2089	117	202
2090	117	203
2091	117	1475
2092	117	1421
2093	117	1476
2094	117	1477
2095	117	1478
2096	117	1479
2097	117	1480
2098	117	1481
2099	117	97
2100	117	98
2101	117	99
2102	117	116
2103	117	117
2104	117	118
2105	117	807
2106	117	836
2107	117	1122
2108	117	965
2109	118	1482
2110	118	1461
2111	118	1304
2112	118	1483
2113	118	391
2114	118	1484
2115	118	1329
2116	118	1333
2117	118	1485
2118	118	1486
2119	118	1487
2120	118	1488
2121	118	1489
2122	118	1490
2123	118	1491
2124	118	1492
2125	118	1493
2126	118	1494
2127	118	1495
2128	118	1496
2129	119	177
2130	119	178
2131	119	48
2132	119	1229
2133	119	1230
2134	119	229
2135	119	230
2136	119	231
2137	119	240
2138	119	286
2139	119	287
2140	119	1497
2141	119	1498
2142	119	1499
2143	119	1500
2144	119	1501
2145	119	1502
2146	119	1503
2147	119	1005
2148	119	1504
2149	120	1505
2150	120	1506
2151	120	1507
2152	120	1508
2153	120	1509
2154	120	1510
2155	120	1511
2156	120	1512
2157	120	1513
2158	120	1514
2159	120	1515
2160	120	1516
2161	120	1397
2162	120	1517
2163	120	1253
2164	120	1518
2165	120	1519
2166	120	1520
2167	120	1521
2168	120	1522
2169	121	224
2170	121	6
2171	121	1268
2172	121	1523
2173	121	1323
2174	121	445
2175	121	517
2176	121	518
2177	121	446
2178	121	1524
2179	121	1525
2180	121	1526
2181	121	1527
2182	121	1528
2183	121	448
2184	121	1529
2185	121	1530
2186	121	189
2187	121	1531
2188	121	1532
2189	122	2
2190	122	620
2191	122	1533
2192	122	206
2193	122	1413
2194	122	1414
2195	122	1534
2196	122	1535
2197	122	1536
2198	122	1537
2199	122	1538
2200	122	405
2201	122	558
2202	122	1539
2203	122	1540
2204	122	1541
2205	122	1542
2206	122	1543
2207	122	1544
2208	122	1545
2209	123	217
2210	123	1546
2211	123	445
2212	123	1194
2213	123	1196
2214	123	1197
2215	123	1198
2216	123	1199
2217	123	1195
2218	123	517
2219	123	518
2220	123	1303
2221	123	446
2222	123	1205
2223	123	68
2224	123	1547
2225	123	1548
2226	123	1549
2227	123	1550
2228	123	1551
